28240
38722
14329
39483
33814
18349
5643
16438
23321
7931
21562
172
48357
37046
44201
36661
12294
49688
23580
38141
8656
25300
46426
6019
43809
31857
14507
41791
32217
31223
11041
9485
18501
39463
9936
27970
48569
40266
47141
27392
47356
38
30248
18816
25739
1110
5926
47833
20750
45066
43577
42341
16741
13040
3669
13046
45653
30836
48631
4674
4075
38006
24887
41568
3400
39214
26850
39646
6487
6511
33355
23799
48445
27513
8384
13839
26690
45258
30271
21526
49360
11136
47999
27695
40660
39671
37003
10363
38756
16401
22414
35894
34821
21153
24163
46663
29002
24666
7098
13427
