12740
33377
5247
18809
38816
28169
44990
44499
21185
49667
31451
37139
8177
46714
47311
12390
44155
8496
49912
39247
41288
8167
44267
19610
899
8298
37438
46934
16220
40609
47599
19096
41040
33246
44395
36633
41418
10389
11237
6562
40172
36925
3472
19867
44633
1376
43698
24550
9273
8441
41727
47299
22118
17992
16101
42242
39954
44985
11632
11441
712
33066
8948
18842
15428
13326
43735
2621
49237
38114
13995
17396
31130
24498
19722
33169
41855
26266
16111
48038
1225
5680
44652
49312
13154
8951
30169
48390
13212
1855
6150
29665
21181
16828
36067
39450
15260
21440
29866
25238
