44661
4104
44646
13174
18858
14863
8819
22847
43215
29198
35833
15168
32430
42436
33911
26575
586
34298
43002
28055
15872
47642
35901
5639
47781
45190
7803
14030
6317
45647
4447
39199
29794
6955
14255
15158
31591
10566
37860
18054
10893
34399
31781
42685
13549
26136
25534
12983
45819
45832
43996
2947
4544
33105
21760
43057
13218
2561
100
16903
39721
5429
33536
11843
6916
38889
22623
27964
37090
21522
27985
528
4879
3586
48649
46114
34969
46797
6668
26794
2030
41923
17597
29875
27945
6805
21969
5998
2563
14922
17090
45339
47268
39034
49931
42192
1562
16709
10773
32372
