33773
6294
1238
38278
15105
13531
12286
7498
38100
5792
35826
39375
45245
28189
5135
30433
21298
1808
1712
5366
11911
12605
27331
31300
1705
29817
11139
37163
33503
36627
27383
21908
11794
23178
29385
15293
41470
45025
386
38292
41747
7017
36429
21645
16148
13029
6993
10066
48926
40048
17205
4896
4402
19640
4594
18844
44098
17750
32314
13466
40842
2649
37295
26268
29768
8561
49592
46904
22539
5852
29222
15591
42461
32032
31764
45508
44497
18920
30171
9862
33544
3597
2079
31654
9534
36744
12231
4212
42107
9615
44810
6506
19804
14612
24185
33710
42447
19328
9125
19536
