6085
18048
45381
30189
9235
12888
2466
36317
20539
22
25007
47640
39307
25727
33475
34938
48380
36479
36084
32134
9496
17987
22420
4328
48345
33412
46511
15997
31199
15309
33206
42981
6228
36571
45890
15092
24391
15455
33314
19885
18565
23146
36154
16459
29498
8407
11489
23872
34432
48493
22946
36118
39246
46953
11268
33318
31521
18058
24051
30659
43235
45
15619
14284
10426
21981
40331
29249
30993
33764
17014
23121
22131
33930
10140
25765
24039
41091
46213
49187
39920
36854
7374
33322
4052
13101
25272
33353
32227
30871
16194
4517
42255
48218
38725
11809
35165
14661
11310
41564
