5925
6566
10810
18494
36000
6577
36565
10082
2480
20571
20886
17063
28521
23760
21236
3709
12385
43163
21497
20168
46068
38655
30753
48370
36136
1547
43082
44169
38550
30356
20554
24975
757
47562
18573
16641
38328
21008
42843
45081
48886
44720
20693
27762
39857
39327
27975
43117
30170
46995
10854
25472
14251
22863
25442
1498
19756
16769
34804
35440
42547
22207
38773
10063
44279
25381
47965
7321
33495
29201
1294
46756
20341
30057
28694
33893
4720
33058
22001
7655
44263
24518
9801
1903
12792
20225
17588
11272
24032
18385
38537
44587
18840
13201
38249
48492
41888
21076
12145
42075
