19503
11486
36990
14237
39016
48217
37551
35787
4089
33623
33080
7562
27173
38183
11456
7310
23604
18011
13356
48212
33410
35827
29378
11573
35476
17653
43070
39710
39981
3278
12452
42665
1991
41944
16607
22900
13536
3720
11343
46705
48116
28167
43816
34931
15827
9365
32445
24507
19530
44242
47643
33420
23529
7622
14064
7479
13036
38652
29354
28397
13743
37217
27470
21154
45983
27220
20091
18608
11616
7199
27507
26870
6735
38239
3579
43115
7710
10880
32526
11578
39149
34994
21650
31372
3252
20143
20068
24252
27748
13269
49770
26935
42771
48497
351
33564
35982
5824
33602
44324
