2876
7613
17412
237
18085
12220
46868
39143
22057
13134
19158
34706
48727
36871
40696
25700
32564
36100
21702
7582
9292
14558
10580
49374
3172
30492
36697
28667
3531
37261
16695
3280
2891
29262
23860
25120
46886
42850
26369
8211
2748
49114
25998
4326
43945
8996
3816
30488
3503
35521
44338
13896
22194
6760
48780
45948
30348
14226
31056
32058
1861
30397
4198
21912
33102
28958
28542
26970
16685
47668
13475
10323
34532
36927
16217
12159
13857
20042
7059
34621
33569
15335
24124
15888
47772
38367
48089
4027
370
32652
29491
5471
3667
27492
11308
25737
13850
6622
47253
17896
