10589
3394
17506
1214
29990
28309
10671
10434
505
3670
33892
30862
3106
12201
3420
45922
1436
43388
16163
3830
25586
13325
15127
33178
24510
11651
26386
7427
35584
47353
45551
27835
28725
22640
11467
38873
40337
19331
9200
4024
5064
32593
21112
17841
20904
20724
22490
43196
36114
3111
34669
33904
33692
4489
2954
20765
36825
16723
40629
43820
5822
13153
10187
10005
27723
23256
7677
21513
9678
14331
24542
13539
45408
47585
3629
23164
42135
45145
44931
28426
4587
2673
32517
27349
42882
1113
49304
4414
46961
37908
44509
12931
9764
21343
25386
25252
11822
45131
20997
46634
