9582
6699
1157
1906
11502
24126
31010
43290
40393
2969
22393
20715
45143
30409
28000
11347
36046
34666
19599
24481
22059
11901
7671
33522
34883
274
45366
38355
43866
39822
45511
6108
39889
21753
11869
9435
41231
48996
35374
26409
24870
2013
29685
12445
47367
43944
5814
24100
6612
41646
23519
34482
27919
28405
30815
16371
48593
39020
45259
22154
32495
43676
38089
46429
26719
22993
44091
46967
29169
23598
45804
7811
37625
44157
23710
21820
12303
38008
11915
43403
32562
15656
39998
40743
27540
26068
32105
12482
15437
24266
3675
35994
13763
11114
13378
16059
15526
44465
26389
3812
